0
[[72.  0.  0.  0.  0.  6.  0. 10.  0. 12.]
 [ 4. 28.  0.  0.  0.  1.  0.  2.  0.  1.]
 [ 8.  0. 60.  0. 12.  6.  0.  9.  1.  4.]
 [17.  4.  5. 37.  7.  6.  0.  3. 15.  6.]
 [14.  0. 24.  1. 47.  1.  0.  7.  0.  6.]
 [ 1.  0.  0. 31.  8. 44.  0.  1.  0. 11.]
 [ 0.  0.  8. 19.  5.  0.  0.  2.  0.  1.]
 [32.  0. 20.  0. 31.  2.  0. 33.  0.  2.]
 [ 0.  0.  8.  7.  0.  5.  0.  0. 60.  6.]
 [12.  2. 14.  4.  2. 10.  0. 10.  5. 41.]]

1
[[49.  0. 28.  0.  0.  0.  0. 22.  0.  1.]
 [ 2. 14.  0.  2. 18.  1.  0.  0.  0.  5.]
 [18.  0. 45.  0.  0.  8.  0. 10.  6. 13.]
 [ 6.  1. 13. 56. 10.  5.  0.  0.  6.  3.]
 [ 7.  1. 11.  2. 44.  0.  0. 12.  3. 20.]
 [18.  0. 13.  1.  0. 25.  0.  5.  5. 33.]
 [ 1.  0. 10. 14.  9.  0.  0.  0.  0.  1.]
 [21.  0. 12.  0.  2. 13.  0. 23. 46.  3.]
 [ 3.  0.  7. 15.  0. 13.  0.  0. 53.  0.]
 [26.  2. 22.  1.  0.  5.  0.  6.  0. 38.]]

2
[[24.  0.  7.  6.  8.  4.  0. 42.  0.  9.]
 [ 0. 41.  0.  0.  1.  0.  0.  0.  1.  0.]
 [ 3.  0. 58. 19.  0.  1.  0.  3.  0. 16.]
 [ 4.  0. 21. 54.  7.  0.  1.  0.  5.  8.]
 [ 2.  0. 21. 23. 30.  0.  0. 15.  9.  0.]
 [19.  0. 20.  0.  0. 12.  0. 49.  0.  7.]
 [ 6.  0.  8.  6.  1.  2.  1.  1.  0. 11.]
 [10.  0.  8.  3.  2. 11.  0. 34.  0. 52.]
 [10.  0. 10. 10.  0.  3.  0.  0. 86.  0.]
 [11.  2. 35.  6.  3.  0.  0.  1.  1. 41.]]

3
[[ 39.   0.   0.   0.  39.   9.   0.   2.   0.  11.]
 [ 10.  20.   8.   1.   5.   0.   0.   3.   6.   6.]
 [  7.   0.  30.  19.  11.   3.   0.  15.   0.  15.]
 [  4.   1.   9.  49.   9.   3.   0.   5.   8.  12.]
 [  1.   0.   9.   5.  49.   7.   0.  29.   0.   0.]
 [ 30.   0.  41.   0.   0.  15.   0.   9.  12.   0.]
 [  2.   0.   9.   8.   2.   3.   0.   5.   0.   9.]
 [ 33.   0.  51.   0.  11.   3.   0.   8.   0.  14.]
 [ 27.   0.   1.  19.   1.   0.   0.   0. 117.   1.]
 [ 23.   2.   7.  11.   4.  10.   0.   5.   6.  32.]]

4
[[34.  0.  4.  0. 27.  0.  0.  0. 16. 19.]
 [ 1. 45. 37.  2.  1.  3.  2.  0.  3.  4.]
 [ 4.  0. 51.  0. 10.  2.  0. 11.  7. 15.]
 [ 7.  0. 13. 51.  3.  2.  0.  5.  8. 11.]
 [ 9.  0.  9. 16. 31.  8.  0. 26.  1.  0.]
 [30.  0. 12.  0.  3. 28.  0. 22. 10.  2.]
 [ 3.  0. 11.  4.  2.  5.  0. 13.  0.  2.]
 [ 4.  0.  6.  0.  1. 18.  0. 91.  0.  0.]
 [ 1.  0.  5. 12.  3.  0.  0.  0. 50.  0.]
 [ 9.  1.  7. 20.  2.  0.  0.  2.  4. 55.]]

5
[[20.  0. 14.  8.  0.  3.  0.  4. 37. 14.]
 [ 1. 17.  0.  0.  2.  3.  0.  0.  0.  5.]
 [ 4.  0. 49.  3.  9.  8.  0.  5.  3. 19.]
 [13.  2.  6. 44. 15.  0.  0.  6.  5.  9.]
 [ 1. 11.  3.  6. 54.  0.  0. 21.  4.  0.]
 [26.  0. 26. 10.  0. 33.  0.  8.  4.  0.]
 [ 1.  0. 14.  9.  8.  0.  0.  1.  1. 12.]
 [20.  0.  0.  0.  9.  3.  0. 36.  0.  0.]
 [ 0.  0. 12. 11.  0.  6.  0.  0. 44.  1.]
 [18.  5. 11.  2. 10.  2.  0.  1.  5. 46.]]

6
[[62.  0.  0.  8.  0.  5.  0. 13.  0. 12.]
 [ 3. 19.  2.  0.  0.  2.  0.  0.  1.  1.]
 [15.  1. 51.  8.  4.  3.  0.  4.  0. 14.]
 [11.  0.  8. 67.  0.  5.  0.  0.  6.  3.]
 [ 4.  0. 13. 14. 32.  1.  0. 21. 13.  2.]
 [17.  2. 28.  0.  0. 37.  0.  2. 14.  6.]
 [ 1.  0. 13. 11.  6.  2.  0.  1.  0. 17.]
 [23.  0.  0.  2.  0. 22.  0. 17.  0. 12.]
 [11.  0.  3. 17.  3. 15.  1.  2. 21.  4.]
 [ 9.  0. 17. 10.  7.  1.  0.  7.  0. 49.]]

7
[[ 1.  0. 39. 12.  5.  0.  0.  0.  0. 43.]
 [ 0. 21.  2.  2.  4.  0.  0.  0.  0.  1.]
 [ 7.  1. 48.  7.  0. 11.  0.  4. 10. 12.]
 [11.  0.  6. 54.  4.  6.  0.  2. 12.  5.]
 [ 3.  0.  5. 33. 40.  0.  0. 18.  0.  1.]
 [18.  0.  9.  0.  0. 31.  0. 24.  0.  6.]
 [ 3.  0. 14.  6.  1.  2.  0.  1.  0.  3.]
 [ 7.  0.  4.  0.  4. 13.  0. 46.  0.  4.]
 [ 1.  0.  0.  0.  0.  0.  0.  0. 79.  0.]
 [14.  0.  9.  4.  0.  5.  0. 12. 11. 45.]]

8
[[13.  0. 10. 11. 28.  7.  0. 19.  0. 12.]
 [ 2. 18. 10.  2.  0.  0.  0.  0.  0.  0.]
 [ 7.  0. 65.  7.  3.  4.  0.  6.  2.  6.]
 [ 7.  1.  6. 48. 15.  7.  0.  2.  6.  8.]
 [ 1.  4. 14.  0. 29.  3.  0. 40.  0.  9.]
 [25.  0.  4.  5.  0. 32.  0. 16.  7.  0.]
 [ 2.  0. 12.  5.  1.  0.  0.  1.  0. 10.]
 [ 0.  0.  6.  0.  2.  0.  0. 74.  0.  0.]
 [10.  0.  0.  1.  0.  1.  0.  0. 70.  0.]
 [ 8.  1. 18.  3.  1.  4.  0. 11.  7. 47.]]

9
[[38.  0. 26.  0.  0. 18.  0. 14.  1.  3.]
 [ 0. 18.  5.  2.  2.  1.  1.  1.  0.  3.]
 [ 0.  1. 60.  9.  5.  0.  2.  4.  0. 19.]
 [ 6.  2. 14. 50.  9.  3.  0.  3.  5.  8.]
 [ 1.  0. 11.  6. 45. 22.  0.  9.  5.  1.]
 [ 2.  0. 42.  2.  0. 31.  0.  5.  0. 11.]
 [ 0.  0. 12. 10.  7.  1.  0.  0.  0.  2.]
 [ 0.  0.  4.  0.  1.  4.  0. 87.  0.  0.]
 [ 6.  4. 10.  2.  0.  7.  0. 10. 33. 11.]
 [16.  0. 22.  0.  2.  5.  0.  5.  5. 45.]]

 template

 [[1000.   0.    0.    0.    0.    0.    0.    0.   0.    0.]
 [    0. 492.    0.    0.    0.    0.    0.    0.   0.    0.]
 [    0.   0. 1000.    0.    0.    0.    0.    0.   0.    0.]
 [    0.   0.    0. 1000.    0.    0.    0.    0.   0.    0.]
 [    0.   0.    0.    0. 1000.    0.    0.    0.   0.    0.]
 [    0.   0.    0.    0.    0. 1000.    0.    0.   0.    0.]
 [    0.   0.    0.    0.    0.    0.  374.    0.   0.    0.]
 [    0.   0.    0.    0.    0.    0.    0. 1000.   0.    0.]
 [    0.   0.    0.    0.    0.    0.    0.    0. 929.    0.]
 [    0.   0.    0.    0.    0.    0.    0.    0.   0. 1000.]]

 [[ 352.   0.  128.   45.  107.   52.    0.  126.  54.  136.]
 [   23. 241.   64.   11.   33.   11.    3.    6.  11.   26.]
 [   73.   3.  517.   72.   54.   46.    2.   71.  29.  133.]
 [   86.  11.  101.  510.   79.   37.    1.   26.  76.   73.]
 [   43.  16.  120.  106.  401.   42.    0.  198.  35.   39.]
 [  186.   2.  195.   49.   11.  288.    0.  141.  52.   76.]
 [   19.   0.  111.   92.   42.   15.    1.   25.   1.   68.]
 [  150.   0.  111.    5.   63.   89.    0.  449.  46.   87.]
 [   69.   4.   56.   94.    7.   50.    1.   12. 613.   23.]
 [  146.  15.  162.   61.   31.   42.    0.   60.  44.  439.]]